5.26686 160.646 1013.69 5.26122 160.641 1013.69 5.24449 160.627 1013.68 
5.21697 160.603 1013.68 5.17896 160.57 1013.67 5.13074 160.529 1013.65 
5.07263 160.478 1013.64 5.0049 160.419 1013.62 4.92786 160.352 1013.6 
4.84179 160.276 1013.57 4.74701 160.193 1013.55 4.6438 160.102 1013.52 
4.53245 160.003 1013.49 4.41327 159.898 1013.45 4.28655 159.785 1013.42 
4.15258 159.665 1013.38 4.01166 159.538 1013.34 3.86408 159.405 1013.3 
3.71014 159.266 1013.26 3.55014 159.121 1013.21 3.38436 158.97 1013.17 
3.21312 158.813 1013.12 3.03669 158.65 1013.07 2.85538 158.483 1013.02 
2.66948 158.31 1012.97 2.47929 158.132 1012.91 2.2851 157.95 1012.86 
2.08721 157.764 1012.8 1.88591 157.573 1012.74 1.6815 157.378 1012.69 
1.47427 157.179 1012.63 1.26452 156.976 1012.57 1.05255 156.77 1012.51 
0.838648 156.561 1012.44 0.62311 156.349 1012.38 0.406232 156.134 1012.32 
0.18831 155.916 1012.26 -0.0303612 155.696 1012.19 -0.249486 155.474 1012.13 
-0.468768 155.25 1012.07 -0.687913 155.024 1012 -0.906626 154.796 1011.94 
-1.12461 154.567 1011.87 -1.34157 154.337 1011.81 -1.55721 154.105 1011.74 
-1.77124 153.873 1011.68 -1.98336 153.64 1011.62 -2.19328 153.407 1011.55 
-2.40069 153.174 1011.49 -2.60531 152.941 1011.43 -2.80684 152.708 1011.37 
-3.00498 152.475 1011.3 -3.19944 152.243 1011.24 -3.38993 152.012 1011.18 
-3.57614 151.781 1011.13 -3.75778 151.552 1011.07 -3.93457 151.325 1011.01 
-4.10619 151.099 1010.96 -4.27236 150.875 1010.9 -4.43278 150.653 1010.85 
-4.58716 150.433 1010.8 -4.73519 150.216 1010.75 -4.8766 150.001 1010.7 
-5.01107 149.79 1010.65 -5.13831 149.581 1010.6 -5.25804 149.375 1010.56 
-5.36995 149.173 1010.52 -5.47374 148.975 1010.48 -5.56913 148.781 1010.44 
-5.65582 148.59 1010.4 -5.73351 148.404 1010.37 -5.80191 148.223 1010.34 
-5.86071 148.046 1010.31 -5.90964 147.874 1010.28 -5.94838 147.707 1010.26 
-5.97665 147.545 1010.23 -5.99415 147.389 1010.21 -6.00059 147.238 1010.2 
-5.99566 147.094 1010.18 -5.97908 146.955 1010.17 -5.95055 146.823 1010.16 
-5.90977 146.698 1010.15 -5.85645 146.579 1010.15 -5.79029 146.467 1010.15 
-5.711 146.362 1010.15 -5.61828 146.264 1010.16 -5.51184 146.174 1010.17 
-5.39137 146.092 1010.18 -5.2566 146.018 1010.2 -5.10721 145.952 1010.22 
-4.94292 145.894 1010.24 -4.76343 145.844 1010.27 -4.57076 145.802 1010.3 
-4.37467 145.761 1010.32 -4.18011 145.716 1010.34 -3.98626 145.67 1010.35 
-3.7922 145.625 1010.37 -3.5977 145.579 1010.38 -3.40296 145.534 1010.39 
-3.20815 145.489 1010.4 -3.01344 145.445 1010.42 -2.81902 145.401 1010.44 
-2.62506 145.357 1010.47 -2.43175 145.313 1010.5 -2.23947 145.269 1010.53 
-2.04924 145.226 1010.57 -1.85636 145.195 1010.62 -1.6622 145.164 1010.65 
-1.46782 145.129 1010.67 -1.27326 145.09 1010.67 -1.07855 145.047 1010.66 
-0.883721 145.002 1010.64 -0.688792 144.954 1010.62 -0.493795 144.905 1010.6 
-0.298759 144.855 1010.57 -0.103712 144.804 1010.55 0.0913175 144.753 1010.53 
0.286302 144.703 1010.51 0.481201 144.654 1010.5 0.675954 144.605 1010.5 
0.8705 144.558 1010.5 1.06478 144.511 1010.5 1.25872 144.464 1010.5 
1.45227 144.418 1010.49 1.64539 144.372 1010.48 1.8381 144.327 1010.46 
2.03044 144.281 1010.43 2.22245 144.237 1010.4 2.41418 144.192 1010.37 
2.60566 144.148 1010.33 2.79694 144.105 1010.29 2.98806 144.062 1010.24 
3.17905 144.019 1010.2 3.36996 143.977 1010.15 3.56082 143.936 1010.1 
3.75169 143.894 1010.05 3.9426 143.854 1010 4.13359 143.814 1009.95 
4.32471 143.774 1009.9 4.51598 143.735 1009.85 4.70758 143.697 1009.81 
4.90068 143.664 1009.77 5.09586 143.637 1009.73 5.29133 143.609 1009.7 
5.48508 143.571 1009.67 5.67653 143.521 1009.64 5.8676 143.469 1009.61 
6.05963 143.422 1009.57 6.25129 143.377 1009.54 6.44153 143.329 1009.5 
6.63052 143.279 1009.45 6.81853 143.227 1009.4 7.00578 143.173 1009.36 
7.19255 143.117 1009.31 7.37907 143.061 1009.26 7.5656 143.004 1009.21 
7.7524 142.946 1009.16 7.9397 142.889 1009.12 8.12776 142.832 1009.09 
8.31684 142.776 1009.06 8.50718 142.72 1009.03 8.69939 142.668 1009.02 
8.89978 142.636 1009.03 9.0992 142.61 1009.05 9.28048 142.553 1009.09 
9.43401 142.447 1009.13 9.56593 142.301 1009.17 9.68437 142.133 1009.21 
9.79745 141.958 1009.25 9.9131 141.791 1009.28 10.034 141.637 1009.32 
10.1568 141.487 1009.37 10.2791 141.336 1009.41 10.4006 141.184 1009.46 
10.5218 141.03 1009.5 10.643 140.875 1009.54 10.7641 140.721 1009.58 
10.8853 140.566 1009.62 11.0065 140.412 1009.66 11.1276 140.258 1009.7 
11.2488 140.105 1009.75 11.37 139.952 1009.79 11.4912 139.8 1009.84 
11.6124 139.646 1009.88 11.7336 139.493 1009.92 11.8548 139.338 1009.96 
11.9762 139.183 1010 12.0987 139.028 1010.03 12.2238 138.875 1010.06 
12.3516 138.724 1010.09 12.4809 138.575 1010.13 12.6103 138.426 1010.17 
12.7385 138.277 1010.21 12.8641 138.126 1010.25 12.9858 137.973 1010.29 
13.1023 137.817 1010.34 13.2121 137.656 1010.38 13.314 137.49 1010.43 
13.4079 137.318 1010.48 13.4989 137.144 1010.52 13.593 136.97 1010.54 
13.6935 136.798 1010.53 13.7966 136.627 1010.51 13.8976 136.455 1010.48 
13.9919 136.279 1010.46 14.0776 136.099 1010.45 14.1565 135.915 1010.46 
14.2309 135.729 1010.46 14.3029 135.542 1010.47 14.3747 135.354 1010.48 
14.4486 135.168 1010.49 14.5266 134.983 1010.49 14.6122 134.803 1010.48 
14.7054 134.626 1010.47 14.8034 134.452 1010.46 14.9038 134.277 1010.45 
15.0021 134.102 1010.44 15.0923 133.923 1010.44 15.1683 133.739 1010.44 
15.2279 133.549 1010.46 15.2817 133.357 1010.48 15.3426 133.168 1010.51 
15.4175 132.985 1010.54 15.4889 132.801 1010.57 15.5528 132.614 1010.61 
15.6183 132.427 1010.65 15.695 132.245 1010.67 15.7887 132.068 1010.67 
15.8828 131.892 1010.68 15.9639 131.709 1010.69 16.0542 131.531 1010.7 
16.1534 131.357 1010.69 16.2551 131.184 1010.68 16.3535 131.01 1010.69 
16.4474 130.835 1010.72 16.5406 130.66 1010.74 16.6304 130.486 1010.78 
16.7245 130.313 1010.83 16.8302 130.145 1010.85 16.9471 129.982 1010.85 
17.0701 129.824 1010.85 17.1915 129.665 1010.85 17.305 129.5 1010.85 
17.4177 129.335 1010.86 17.528 129.169 1010.88 17.6429 129.006 1010.9 
17.7698 128.852 1010.9 17.9015 128.7 1010.89 18.0308 128.547 1010.89 
18.1551 128.39 1010.88 18.2782 128.232 1010.87 18.4045 128.077 1010.87 
18.5375 127.927 1010.87 18.6771 127.784 1010.88 18.8202 127.645 1010.9 
18.965 127.509 1010.92 19.1118 127.376 1010.95 19.2614 127.247 1010.99 
19.4148 127.123 1011.02 19.5726 127.004 1011.05 19.7357 126.893 1011.09 
19.9048 126.79 1011.12 20.0769 126.692 1011.16 20.2445 126.59 1011.2 
20.3995 126.474 1011.25 20.5402 126.343 1011.3 20.6773 126.206 1011.35 
20.8221 126.077 1011.4 20.978 125.958 1011.45 21.1365 125.839 1011.48 
21.2885 125.71 1011.49 21.4334 125.572 1011.47 21.5833 125.443 1011.44 
21.7475 125.337 1011.4 21.9188 125.242 1011.35 22.0869 125.142 1011.31 
22.2505 125.033 1011.27 22.4138 124.919 1011.25 22.5985 124.847 1011.23 
22.7942 124.799 1011.21 22.9833 124.737 1011.2 23.1621 124.653 1011.17 
23.3509 124.595 1011.13 23.5344 124.525 1011.1 23.7037 124.419 1011.09 
23.8674 124.301 1011.07 24.0351 124.196 1011.04 24.2162 124.115 1011.01 
24.4024 124.041 1011 24.5823 123.953 1011 24.7629 123.867 1010.99 
24.9485 123.793 1010.98 25.1374 123.727 1010.96 25.3276 123.667 1010.94 
25.517 123.608 1010.91 25.7036 123.541 1010.89 25.8863 123.461 1010.86 
26.0677 123.378 1010.84 26.2513 123.303 1010.81 26.4407 123.247 1010.79 
26.6357 123.211 1010.76 26.8294 123.172 1010.72 27.0158 123.111 1010.69 
27.1976 123.039 1010.64 27.3805 122.977 1010.59 27.5676 122.931 1010.53 
27.7595 122.899 1010.49 27.9553 122.878 1010.46 28.1542 122.865 1010.44 
28.3551 122.857 1010.43 28.557 122.85 1010.42 28.7589 122.844 1010.41 
28.9599 122.833 1010.39 29.1588 122.817 1010.37 29.3548 122.792 1010.34 
29.5467 122.754 1010.29 29.7353 122.71 1010.24 29.9237 122.676 1010.18 
30.1153 122.672 1010.13 30.31 122.694 1010.09 30.5055 122.729 1010.05 
30.6999 122.764 1010.01 30.8929 122.797 1009.96 31.0843 122.826 1009.91 
31.2739 122.851 1009.85 31.4616 122.87 1009.79 31.6473 122.883 1009.71 
31.828 122.886 1009.63 32.0061 122.877 1009.54 32.1897 122.863 1009.46 
32.379 122.849 1009.39 32.5708 122.836 1009.34 32.762 122.826 1009.28 
32.9497 122.822 1009.21 33.1322 122.824 1009.13 33.3114 122.83 1009.04 
33.4897 122.837 1008.94 33.6692 122.842 1008.85 33.8508 122.844 1008.77 
34.035 122.84 1008.69 34.2223 122.826 1008.62 34.4134 122.802 1008.56 
34.6058 122.767 1008.51 34.7906 122.731 1008.44 34.9586 122.703 1008.34 
35.1105 122.686 1008.21 35.2592 122.68 1008.07 35.4177 122.682 1007.95 
35.5904 122.687 1007.85 35.7718 122.688 1007.76 35.9558 122.674 1007.68 
36.1364 122.639 1007.6 36.3107 122.588 1007.51 36.4814 122.557 1007.41 
36.6516 122.571 1007.31 36.8232 122.606 1007.21 36.9971 122.631 1007.12 
37.1728 122.637 1007.02 37.3494 122.626 1006.92 37.5304 122.6 1006.83 
37.7202 122.56 1006.79 37.9167 122.509 1006.79 38.1047 122.445 1006.77 
38.2714 122.368 1006.71 38.4268 122.28 1006.61 38.5883 122.189 1006.53 
38.7603 122.102 1006.48 38.9375 122.027 1006.42 39.1205 121.958 1006.38 
39.3075 121.889 1006.35 39.4793 121.786 1006.37 39.6455 121.68 1006.4 
39.7788 121.534 1006.41 39.8938 121.369 1006.38 40.0235 121.232 1006.34 
40.1682 121.112 1006.28 40.3171 120.977 1006.19 40.4624 120.815 1006.08 
40.6011 120.635 1005.95 40.7304 120.445 1005.81 40.8474 120.256 1005.68 
40.9494 120.079 1005.55 41.0336 119.924 1005.43 41.0972 119.8 1005.34 
41.1374 119.718 1005.28 41.1514 119.689 1005.26