5.26686 160.646 1013.69 5.2654 160.641 1013.69 5.26105 160.627 1013.68 
5.2538 160.605 1013.68 5.24369 160.573 1013.67 5.23072 160.532 1013.65 
5.21492 160.484 1013.64 5.1963 160.427 1013.62 5.17487 160.361 1013.59 
5.15065 160.288 1013.57 5.12366 160.208 1013.54 5.09391 160.12 1013.51 
5.06142 160.024 1013.48 5.02621 159.922 1013.45 4.98829 159.812 1013.41 
4.94767 159.696 1013.37 4.90438 159.573 1013.33 4.85844 159.444 1013.29 
4.80984 159.309 1013.25 4.75862 159.168 1013.2 4.70479 159.021 1013.15 
4.64836 158.869 1013.1 4.58936 158.711 1013.05 4.52779 158.548 1013 
4.46367 158.38 1012.95 4.39702 158.208 1012.89 4.32786 158.03 1012.84 
4.2562 157.849 1012.78 4.18205 157.663 1012.72 4.10544 157.473 1012.66 
4.02638 157.279 1012.6 3.94489 157.081 1012.54 3.86097 156.88 1012.48 
3.77466 156.676 1012.41 3.68596 156.469 1012.35 3.59488 156.259 1012.29 
3.50146 156.046 1012.22 3.4057 155.831 1012.16 3.30761 155.613 1012.09 
3.20722 155.394 1012.03 3.10455 155.172 1011.96 2.99959 154.949 1011.9 
2.89239 154.724 1011.83 2.78294 154.498 1011.76 2.67126 154.271 1011.7 
2.55738 154.043 1011.63 2.44131 153.814 1011.57 2.32305 153.584 1011.51 
2.20264 153.354 1011.44 2.08009 153.124 1011.38 1.9554 152.894 1011.32 
1.82861 152.664 1011.25 1.69972 152.434 1011.19 1.56875 152.206 1011.13 
1.43571 151.977 1011.07 1.30063 151.75 1011.02 1.16352 151.524 1010.96 
1.02439 151.3 1010.9 0.88326 151.077 1010.85 0.74015 150.855 1010.79 
0.595073 150.636 1010.74 0.448045 150.419 1010.69 0.299082 150.204 1010.64 
0.148201 149.991 1010.6 -0.00458191 149.781 1010.55 -0.159251 149.574 1010.51 
-0.315791 149.371 1010.47 -0.474185 149.17 1010.43 -0.634416 148.973 1010.39 
-0.79647 148.78 1010.35 -0.960329 148.59 1010.32 -1.12598 148.405 1010.29 
-1.2934 148.224 1010.26 -1.46258 148.047 1010.23 -1.6335 147.875 1010.21 
-1.80614 147.707 1010.19 -1.9805 147.545 1010.17 -2.15655 147.388 1010.16 
-2.33427 147.236 1010.14 -2.51365 147.09 1010.13 -2.69468 146.949 1010.13 
-2.87734 146.815 1010.12 -3.06161 146.687 1010.12 -3.24747 146.565 1010.13 
-3.43492 146.449 1010.13 -3.62393 146.341 1010.14 -3.81449 146.239 1010.15 
-4.00658 146.144 1010.17 -4.20018 146.057 1010.19 -4.39528 145.977 1010.21 
-4.59187 145.905 1010.24 -4.78992 145.841 1010.27 -4.98934 145.785 1010.31 
-5.18972 145.735 1010.34 -5.39065 145.693 1010.38 -5.59166 145.656 1010.41 
-5.79234 145.625 1010.44 -5.99223 145.597 1010.45 -6.1909 145.574 1010.46 
-6.3879 145.553 1010.46 -6.58281 145.534 1010.44 -6.77519 145.517 1010.4 
-6.96458 145.501 1010.34 -7.15554 145.48 1010.29 -7.34871 145.455 1010.24 
-7.54162 145.428 1010.19 -7.73438 145.402 1010.14 -7.92707 145.374 1010.09 
-8.11979 145.348 1010.04 -8.31263 145.322 1009.99 -8.50569 145.298 1009.94 
-8.69905 145.276 1009.89 -8.89283 145.257 1009.84 -9.08711 145.241 1009.8 
-9.28198 145.229 1009.75 -9.47754 145.221 1009.71 -9.67388 145.217 1009.68 
-9.8711 145.22 1009.64 -10.0691 145.229 1009.61 -10.2676 145.246 1009.59 
-10.4666 145.268 1009.56 -10.666 145.292 1009.54 -10.8657 145.318 1009.53 
-11.0656 145.344 1009.52 -11.2655 145.366 1009.51 -11.4656 145.384 1009.51 
-11.6655 145.395 1009.51 -11.8653 145.397 1009.52 -12.0648 145.389 1009.53 
-12.2644 145.379 1009.54 -12.4647 145.384 1009.53 -12.6651 145.401 1009.51 
-12.8653 145.427 1009.49 -13.0649 145.46 1009.47 -13.2634 145.499 1009.45 
-13.4605 145.54 1009.44 -13.6557 145.582 1009.45 -13.8486 145.622 1009.48 
-14.0407 145.659 1009.53 -14.2345 145.693 1009.57 -14.4285 145.729 1009.61 
-14.621 145.768 1009.65 -14.8101 145.814 1009.69 -14.9937 145.871 1009.75 
-15.1698 145.944 1009.81 -15.3476 146.019 1009.86 -15.5275 146.094 1009.91 
-15.7095 146.169 1009.95 -15.8929 146.244 1009.98 -16.0757 146.318 1010.01 
-16.2567 146.392 1010.05 -16.4364 146.466 1010.1 -16.6155 146.543 1010.15 
-16.7937 146.622 1010.2 -16.9708 146.704 1010.24 -17.1467 146.788 1010.29 
-17.3211 146.876 1010.33 -17.4939 146.967 1010.37 -17.6652 147.061 1010.42 
-17.835 147.157 1010.46 -18.0036 147.256 1010.51 -18.171 147.356 1010.56 
-18.3374 147.457 1010.6 -18.5029 147.56 1010.65 -18.6687 147.662 1010.7 
-18.8382 147.762 1010.73 -19.0101 147.861 1010.77 -19.1795 147.96 1010.81 
-19.3413 148.063 1010.87 -19.4982 148.17 1010.93 -19.6564 148.279 1010.99 
-19.8073 148.395 1011.05 -19.9707 148.511 1011.06 -20.1317 148.631 1011.06 
-20.2882 148.756 1011.07 -20.4406 148.885 1011.08 -20.5897 149.017 1011.1 
-20.7361 149.153 1011.11 -20.8805 149.291 1011.13 -21.0233 149.43 1011.15 
-21.1653 149.571 1011.18 -21.307 149.711 1011.2 -21.4492 149.852 1011.22 
-21.5924 149.992 1011.24 -21.7372 150.13 1011.25 -21.8834 150.267 1011.27 
-22.0296 150.403 1011.29 -22.1742 150.54 1011.31 -22.3155 150.678 1011.34 
-22.4524 150.819 1011.37 -22.5861 150.963 1011.41 -22.7181 151.107 1011.45 
-22.8503 151.252 1011.49 -22.9844 151.395 1011.54 -23.1222 151.537 1011.57 
-23.2637 151.677 1011.6 -23.4021 151.819 1011.63 -23.5293 151.966 1011.67 
-23.6433 152.119 1011.73 -23.7494 152.274 1011.8 -23.8538 152.429 1011.88 
-23.9621 152.58 1011.95 -24.0764 152.726 1012.03 -24.1958 152.867 1012.11 
-24.3194 153.004 1012.19 -24.4462 153.138 1012.27 -24.5755 153.27 1012.35 
-24.7062 153.4 1012.42 -24.8374 153.529 1012.5 -24.9682 153.657 1012.59 
-25.0976 153.786 1012.67 -25.2249 153.916 1012.75 -25.349 154.048 1012.84 
-25.4689 154.182 1012.92 -25.584 154.32 1013.01 -25.6945 154.46 1013.1 
-25.8019 154.602 1013.2 -25.9073 154.745 1013.29 -26.0123 154.887 1013.38 
-26.1181 155.027 1013.48 -26.226 155.166 1013.58 -26.3372 155.3 1013.67 
-26.4514 155.432 1013.77 -26.568 155.561 1013.87 -26.6864 155.689 1013.97 
-26.8061 155.816 1014.06 -26.9265 155.942 1014.16 -27.047 156.068 1014.26 
-27.167 156.196 1014.36 -27.2859 156.325 1014.45 -27.4031 156.456 1014.55 
-27.5181 156.59 1014.65 -27.6302 156.728 1014.74 -27.739 156.87 1014.84 
-27.8542 156.992 1014.94 -27.9701 157.081 1015.08 -28.0757 157.16 1015.23 
-28.1773 157.235 1015.39 -28.281 157.312 1015.54 -28.3894 157.395 1015.69 
-28.5006 157.482 1015.84 -28.6124 157.572 1015.98 -28.7226 157.662 1016.12 
-28.8288 157.753 1016.26 -28.9288 157.842 1016.41 -29.0205 157.927 1016.57 
-29.1015 158.008 1016.73 -29.1719 158.084 1016.9 -29.2366 158.154 1017.07 
-29.3012 158.219 1017.25 -29.3712 158.28 1017.43 -29.4519 158.336 1017.61 
-29.5445 158.388 1017.78 -29.6452 158.438 1017.95 -29.7498 158.485 1018.11 
-29.8541 158.533 1018.28 -29.9539 158.58 1018.45 -30.0451 158.629 1018.62 
-30.1235 158.681 1018.79 -30.185 158.735 1018.97 -30.2324 158.792 1019.16 
-30.281 158.847 1019.35 -30.3373 158.897 1019.53 -30.4004 158.944 1019.72 
-30.4688 158.989 1019.9 -30.5413 159.032 1020.08 -30.6166 159.075 1020.26 
-30.6934 159.118 1020.44 -30.7699 159.163 1020.62 -30.8442 159.211 1020.8 
-30.916 159.262 1020.98 -30.9889 159.314 1021.16 -31.0673 159.364 1021.34 
-31.1554 159.41 1021.51 -31.2503 159.453 1021.68 -31.327 159.503 1021.86 
-31.3807 159.561 1022.05 -31.4349 159.614 1022.23 -31.4904 159.666 1022.42 
-31.5473 159.72 1022.6 -31.605 159.782 1022.78 -31.6549 159.852 1022.96 
-31.6873 159.929 1023.14 -31.7258 160 1023.33 -31.7756 160.065 1023.51 
-31.8356 160.125 1023.69 -31.9047 160.178 1023.87 -31.9805 160.228 1024.06 
-32.0535 160.279 1024.24 -32.1114 160.338 1024.42 -32.1454 160.408 1024.6 
-32.1778 160.473 1024.79 -32.213 160.54 1024.98 -32.2497 160.613 1025.16 
-32.2862 160.697 1025.34 -32.321 160.794 1025.51 -32.3537 160.909 1025.67 
-32.3989 161.037 1025.82 -32.4814 161.166 1025.95 -32.5384 161.292 1026.1 
-32.5825 161.42 1026.25 -32.6338 161.549 1026.39 -32.6911 161.679 1026.53 
-32.753 161.811 1026.67 -32.818 161.945 1026.8 -32.8849 162.08 1026.94 
-32.9522 162.216 1027.07 -33.0186 162.354 1027.2 -33.0827 162.493 1027.32 
-33.1434 162.639 1027.45 -33.2045 162.786 1027.57 -33.2683 162.928 1027.7 
-33.3332 163.072 1027.82 -33.3973 163.222 1027.93 -33.4505 163.376 1028.05 
-33.4916 163.53 1028.17 -33.5257 163.682 1028.3 -33.5579 163.834 1028.43 
-33.5933 163.985 1028.55 -33.6369 164.136 1028.68 -33.6938 164.286 1028.8 
-33.7677 164.436 1028.91 -33.8485 164.591 1029.01 -33.9184 164.757 1029.1 
-33.9632 164.939 1029.16 -33.995 165.13 1029.22 -34.0323 165.319 1029.28 
-34.0784 165.504 1029.34 -34.1323 165.686 1029.4 -34.1928 165.867 1029.47 
-34.2589 166.046 1029.53 -34.3296 166.225 1029.58 -34.4037 166.405 1029.63 
-34.4788 166.586 1029.68 -34.5482 166.77 1029.72 -34.6042 166.957 1029.76 
-34.6464 167.146 1029.81 -34.6862 167.337 1029.86 -34.7313 167.528 1029.9 
-34.7823 167.718 1029.94 -34.8388 167.906 1029.98 -34.9005 168.093 1030.02 
-34.9671 168.278 1030.07 -35.0383 168.46 1030.11 -35.1137 168.639 1030.16 
-35.1934 168.815 1030.21 -35.2859 168.987 1030.26 -35.3871 169.157 1030.3 
-35.4846 169.33 1030.34 -35.566 169.511 1030.36 -35.6203 169.702 1030.38 
-35.6676 169.897 1030.39 -35.7224 170.089 1030.4 -35.7833 170.279 1030.41 
-35.8485 170.468 1030.42 -35.9166 170.656 1030.43 -35.986 170.843 1030.45 
-36.055 171.031 1030.46 -36.122 171.22 1030.48 -36.1856 171.41 1030.49 
-36.2461 171.601 1030.51 -36.3064 171.792 1030.52 -36.3695 171.981 1030.54 
-36.4382 172.168 1030.56 -36.5156 172.35 1030.59 -36.6038 172.528 1030.62 
-36.6957 172.703 1030.66 -36.7789 172.881 1030.7 -36.8416 173.066 1030.74 
-36.8916 173.258 1030.76 -36.9376 173.454 1030.76 -36.9819 173.651 1030.75 
-37.0254 173.847 1030.75 -37.0647 174.043 1030.73 -37.0963 174.238 1030.71 
-37.1218 174.433 1030.67 -37.1505 174.628 1030.63 -37.1895 174.821 1030.62 
-37.2387 175.014 1030.62 -37.2972 175.206 1030.64 -37.3637 175.397 1030.66 
-37.4371 175.585 1030.68 -37.5164 175.771 1030.7 -37.6003 175.955 1030.7 
-37.6858 176.137 1030.68 -37.7471 176.325 1030.66 -37.7737 176.524 1030.66 
-37.7999 176.723 1030.67 -37.8522 176.915 1030.69 -37.9054 177.106 1030.72 
-37.9521 177.299 1030.74 -37.9948 177.494 1030.75 -38.0363 177.691 1030.76 
-38.0792 177.889 1030.77 -38.1251 178.088 1030.78 -38.1741 178.287 1030.78 
-38.2267 178.485 1030.78 -38.2829 178.681 1030.77 -38.3432 178.875 1030.75 
-38.4077 179.065 1030.73 -38.4766 179.25 1030.7 -38.5503 179.431 1030.65 
-38.629 179.604 1030.59 -38.7129 179.771 1030.51 -38.7997 179.933 1030.43 
-38.8795 180.106 1030.38 -38.94 180.296 1030.35 -38.9771 180.494 1030.32 
-39.0045 180.693 1030.3 -39.0373 180.89 1030.27 -39.0909 181.079 1030.26 
-39.1772 181.256 1030.25 -39.2859 181.426 1030.25 -39.3971 181.595 1030.25 
-39.5 181.768 1030.24 -39.5951 181.944 1030.23 -39.6838 182.123 1030.21 
-39.7674 182.303 1030.18 -39.8473 182.484 1030.15 -39.9253 182.665 1030.11 
-40.006 182.845 1030.08 -40.0942 183.023 1030.07 -40.192 183.199 1030.09 
-40.3007 183.368 1030.1 -40.4169 183.532 1030.1 -40.5303 183.696 1030.09 
-40.6325 183.862 1030.05 -40.7242 184.033 1030 -40.8083 184.206 1029.95 
-40.8877 184.381 1029.89 -40.9652 184.558 1029.82 -41.0436 184.734 1029.77 
-41.1232 184.913 1029.73 -41.1799 185.097 1029.67 -41.2192 185.281 1029.6 
-41.2568 185.467 1029.53 -41.3073 185.655 1029.49 -41.3662 185.845 1029.47 
-41.4195 186.034 1029.44 -41.463 186.224 1029.38 -41.4949 186.415 1029.3 
-41.5272 186.595 1029.23 -41.5745 186.752 1029.22 -41.6389 186.884 1029.29 
-41.7176 186.993 1029.41 -41.8078 187.08 1029.58 -41.9067 187.149 1029.79 
-42.0116 187.201 1030.03 -42.1197 187.238 1030.29 -42.2282 187.263 1030.57 
-42.3343 187.277 1030.85 -42.4352 187.282 1031.12 -42.5283 187.281 1031.37 
-42.6106 187.275 1031.6 -42.6795 187.267 1031.8 -42.7322 187.259 1031.95 
-42.7658 187.253 1032.05 -42.7776 187.25 1032.08