5.26686 160.646 1013.69 5.26122 160.641 1013.69 5.24449 160.627 1013.68 
5.21697 160.603 1013.68 5.17895 160.57 1013.67 5.13072 160.529 1013.65 
5.0726 160.478 1013.64 5.00486 160.419 1013.62 4.92781 160.352 1013.6 
4.84173 160.276 1013.57 4.74694 160.193 1013.55 4.64371 160.102 1013.52 
4.53235 160.003 1013.49 4.41315 159.898 1013.45 4.28641 159.785 1013.42 
4.15242 159.665 1013.38 4.01148 159.538 1013.34 3.86389 159.405 1013.3 
3.70993 159.266 1013.26 3.54991 159.121 1013.21 3.38411 158.969 1013.17 
3.21284 158.812 1013.12 3.0364 158.65 1013.07 2.85506 158.482 1013.02 
2.66914 158.31 1012.97 2.47893 158.132 1012.91 2.28472 157.95 1012.86 
2.08681 157.763 1012.8 1.88548 157.572 1012.74 1.68105 157.377 1012.69 
1.4738 157.178 1012.63 1.26404 156.976 1012.57 1.05204 156.77 1012.51 
0.838118 156.561 1012.44 0.62256 156.349 1012.38 0.405663 156.133 1012.32 
0.187722 155.916 1012.26 -0.0309666 155.696 1012.19 -0.250108 155.473 1012.13 
-0.469407 155.249 1012.06 -0.688568 155.023 1012 -0.907295 154.795 1011.94 
-1.12529 154.566 1011.87 -1.34227 154.336 1011.81 -1.55792 154.104 1011.74 
-1.77196 153.872 1011.68 -1.98409 153.64 1011.62 -2.19401 153.406 1011.55 
-2.40143 153.173 1011.49 -2.60606 152.94 1011.43 -2.80759 152.707 1011.37 
-3.00573 152.474 1011.3 -3.20019 152.242 1011.24 -3.39067 152.011 1011.18 
-3.57688 151.78 1011.13 -3.75852 151.551 1011.07 -3.9353 151.324 1011.01 
-4.10691 151.098 1010.96 -4.27307 150.874 1010.9 -4.43347 150.652 1010.85 
-4.58784 150.432 1010.8 -4.73585 150.215 1010.75 -4.87724 150 1010.7 
-5.01168 149.789 1010.65 -5.13891 149.58 1010.6 -5.2586 149.374 1010.56 
-5.37048 149.172 1010.52 -5.47424 148.974 1010.48 -5.5696 148.78 1010.44 
-5.65625 148.589 1010.4 -5.73389 148.403 1010.37 -5.80225 148.222 1010.34 
-5.86101 148.045 1010.31 -5.90988 147.873 1010.28 -5.94857 147.706 1010.26 
-5.97678 147.544 1010.23 -5.99422 147.388 1010.21 -6.0006 147.238 1010.2 
-5.9956 147.093 1010.18 -5.97895 146.955 1010.17 -5.95035 146.822 1010.16 
-5.90949 146.697 1010.15 -5.85609 146.578 1010.15 -5.78984 146.466 1010.15 
-5.71046 146.361 1010.15 -5.61765 146.264 1010.16 -5.51111 146.174 1010.17 
-5.39055 146.092 1010.18 -5.25567 146.017 1010.2 -5.10617 145.951 1010.22 
-4.94177 145.893 1010.24 -4.76216 145.844 1010.27 -4.56942 145.802 1010.3 
-4.37331 145.76 1010.32 -4.17875 145.716 1010.34 -3.98489 145.67 1010.35 
-3.79081 145.624 1010.37 -3.59629 145.579 1010.38 -3.40152 145.534 1010.39 
-3.20669 145.489 1010.4 -3.01197 145.445 1010.42 -2.81754 145.401 1010.44 
-2.62358 145.357 1010.47 -2.43027 145.313 1010.5 -2.238 145.269 1010.53 
-2.04795 145.224 1010.57 -1.85645 145.183 1010.62 -1.66305 145.145 1010.65 
-1.46842 145.11 1010.69 -1.27328 145.078 1010.73 -1.07831 145.047 1010.76 
-0.884224 145.018 1010.8 -0.691708 144.989 1010.85 -0.501463 144.96 1010.9 
-0.314186 144.931 1010.97 -0.129743 144.9 1011.04 0.0557654 144.865 1011.1 
0.244487 144.827 1011.15 0.43597 144.787 1011.19 0.629672 144.744 1011.22 
0.82505 144.7 1011.24 1.02156 144.655 1011.25 1.21866 144.611 1011.27 
1.41581 144.567 1011.28 1.61249 144.526 1011.29 1.8086 144.487 1011.31 
2.00443 144.451 1011.34 2.20029 144.419 1011.36 2.39646 144.391 1011.39 
2.59325 144.367 1011.41 2.79085 144.348 1011.44 2.98901 144.331 1011.46 
3.18737 144.314 1011.48 3.38555 144.293 1011.5 3.58324 144.267 1011.52 
3.78043 144.235 1011.53 3.97728 144.199 1011.53 4.17394 144.161 1011.54 
4.37056 144.121 1011.54 4.56731 144.082 1011.54 4.76433 144.046 1011.53 
4.96175 144.012 1011.53 5.15959 143.982 1011.53 5.35747 143.954 1011.54 
5.55489 143.924 1011.55 5.75192 143.891 1011.57 5.94868 143.857 1011.58 
6.14527 143.823 1011.6 6.34181 143.787 1011.61 6.53839 143.752 1011.63 
6.735 143.717 1011.64 6.93149 143.681 1011.65 7.12773 143.644 1011.67 
7.32357 143.606 1011.68 7.51908 143.567 1011.7 7.71438 143.527 1011.72 
7.90964 143.487 1011.74 8.10501 143.448 1011.76 8.30062 143.411 1011.78 
8.49663 143.375 1011.8 8.69314 143.343 1011.82 8.88977 143.312 1011.84 
9.08609 143.281 1011.87 9.28181 143.247 1011.91 9.47667 143.209 1011.94 
9.67039 143.165 1011.96 9.86271 143.112 1011.98 10.0533 143.047 1011.99 
10.2423 142.971 1011.98 10.4394 142.951 1011.97 10.6402 142.947 1011.98 
10.8404 142.933 1011.99 11.0389 142.912 1011.99 11.235 142.884 1011.97 
11.4296 142.854 1011.93 11.6244 142.825 1011.89 11.8212 142.799 1011.87 
12.0203 142.784 1011.87 12.2178 142.792 1011.89 12.4135 142.818 1011.92 
12.6079 142.853 1011.96 12.8013 142.891 1012.01 12.9941 142.924 1012.06 
13.1878 142.95 1012.11 13.3842 142.973 1012.14 13.5809 143.001 1012.16 
13.7756 143.035 1012.19 13.9698 143.075 1012.22 14.1636 143.116 1012.25 
14.3569 143.153 1012.29 14.5499 143.187 1012.33 14.7427 143.217 1012.37 
14.9355 143.243 1012.42 15.1286 143.266 1012.47 15.322 143.285 1012.52 
15.5161 143.302 1012.57 15.7109 143.316 1012.61 15.9064 143.327 1012.65 
16.1024 143.338 1012.69 16.2987 143.349 1012.73 16.495 143.36 1012.77 
16.6913 143.373 1012.8 16.8873 143.389 1012.84 17.0827 143.409 1012.88 
17.2763 143.43 1012.93 17.4666 143.448 1012.99 17.6571 143.466 1013.05 
17.8481 143.483 1013.1 18.0386 143.497 1013.16 18.2277 143.505 1013.23 
18.4159 143.509 1013.3 18.606 143.512 1013.36 18.8014 143.52 1013.4 
19.0001 143.525 1013.43 19.2003 143.531 1013.45 19.4012 143.541 1013.47 
19.6017 143.552 1013.49 19.8007 143.563 1013.51 19.997 143.573 1013.55 
20.1895 143.581 1013.6 20.3773 143.585 1013.67 20.5641 143.589 1013.74 
20.7546 143.599 1013.8 20.9484 143.613 1013.84 21.1447 143.629 1013.88 
21.343 143.646 1013.91 21.5428 143.662 1013.93 21.7432 143.677 1013.95 
21.9438 143.688 1013.97 22.1438 143.695 1013.99 22.3428 143.695 1014.02 
22.5403 143.693 1014.05 22.7364 143.694 1014.09 22.931 143.704 1014.14 
23.1246 143.719 1014.19 23.3173 143.735 1014.24 23.5096 143.75 1014.3 
23.7017 143.758 1014.35 23.894 143.756 1014.41 24.0857 143.744 1014.46 
24.2753 143.73 1014.53 24.4657 143.719 1014.59 24.6587 143.712 1014.64 
24.8531 143.704 1014.69 25.0496 143.693 1014.72 25.2488 143.686 1014.74 
25.4467 143.693 1014.77 25.6423 143.711 1014.81 25.8368 143.729 1014.86 
26.0295 143.738 1014.91 26.2203 143.745 1014.97 26.4113 143.75 1015.03 
26.6021 143.754 1015.09 26.7914 143.755 1015.15 26.9805 143.757 1015.22 
27.1699 143.76 1015.29 27.3599 143.763 1015.35 27.5508 143.766 1015.41 
27.7429 143.768 1015.47 27.9362 143.769 1015.52 28.1302 143.768 1015.57 
28.3241 143.766 1015.62 28.5172 143.771 1015.67 28.708 143.781 1015.73 
28.8953 143.782 1015.8 29.0817 143.784 1015.87 29.2682 143.787 1015.95 
29.4557 143.789 1016.02 29.6448 143.79 1016.08 29.8362 143.788 1016.14 
30.0276 143.793 1016.2 30.2159 143.814 1016.26 30.402 143.841 1016.33 
30.587 143.863 1016.41 30.7716 143.875 1016.48 30.955 143.889 1016.56 
31.1363 143.908 1016.64 31.3152 143.933 1016.73 31.4937 143.959 1016.82 
31.6751 143.979 1016.9 31.8554 144.015 1016.98 32.0349 144.041 1017.06 
32.2111 144.074 1017.15 32.3884 144.112 1017.24 32.5694 144.151 1017.32 
32.7512 144.193 1017.39 32.9308 144.241 1017.46 33.1051 144.298 1017.54 
33.2753 144.366 1017.62 33.4491 144.439 1017.69 33.6269 144.505 1017.75 
33.7929 144.59 1017.82 33.9465 144.693 1017.9 34.0897 144.81 1017.98 
34.2244 144.936 1018.07 34.3525 145.065 1018.16 34.4758 145.193 1018.26 
34.5984 145.317 1018.36 34.7271 145.436 1018.45 34.8676 145.552 1018.53 
35.0143 145.669 1018.61 35.156 145.793 1018.67 35.2838 145.93 1018.75 
35.3997 146.075 1018.82 35.512 146.212 1018.91 35.6261 146.354 1019 
35.7298 146.503 1019.08 35.8271 146.657 1019.16 35.9215 146.812 1019.25 
36.0147 146.967 1019.33 36.1026 147.114 1019.44 36.1889 147.251 1019.56 
36.2846 147.385 1019.67 36.3932 147.52 1019.77 36.4945 147.657 1019.88 
36.5772 147.795 1019.99 36.6619 147.93 1020.12 36.7523 148.07 1020.23 
36.8451 148.22 1020.32 36.9386 148.377 1020.4 37.0336 148.531 1020.49 
37.141 148.674 1020.58 37.2557 148.814 1020.67 37.366 148.956 1020.75 
37.4645 149.106 1020.84 37.553 149.263 1020.93 37.6349 149.425 1021.02 
37.7138 149.587 1021.1 37.7945 149.735 1021.21 37.8803 149.867 1021.33 
37.9725 149.988 1021.47 38.0723 150.106 1021.6 38.1774 150.223 1021.72 
38.2817 150.34 1021.84 38.3791 150.456 1021.97 38.4646 150.572 1022.11 
38.5439 150.687 1022.26 38.6271 150.802 1022.4 38.7242 150.917 1022.53 
38.8354 151.028 1022.65 38.95 151.129 1022.78 39.0605 151.216 1022.92 
39.1676 151.294 1023.07 39.2726 151.368 1023.23 39.377 151.445 1023.38 
39.482 151.529 1023.53 39.5874 151.623 1023.67 39.6811 151.718 1023.82 
39.7778 151.807 1023.97 39.882 151.898 1024.12 39.988 151.988 1024.26 
40.0904 152.073 1024.41 40.1857 152.154 1024.57 40.2765 152.254 1024.72 
40.3545 152.348 1024.87 40.4277 152.44 1025.04 40.5044 152.534 1025.2 
40.5928 152.636 1025.34 40.7022 152.733 1025.48 40.8262 152.801 1025.62 
40.9404 152.867 1025.77 41.0456 152.94 1025.93 41.1554 153.011 1026.08 
41.2815 153.075 1026.22 41.4205 153.133 1026.35 41.5654 153.186 1026.48 
41.7187 153.222 1026.6 41.8857 153.262 1026.71 42.0685 153.267 1026.79 
42.2366 153.29 1026.89 42.3965 153.336 1027.01 42.5615 153.398 1027.11 
42.7323 153.462 1027.2 42.9026 153.51 1027.3 43.0658 153.525 1027.41 
43.2274 153.519 1027.52 43.4081 153.563 1027.6 43.5831 153.628 1027.68 
43.7575 153.696 1027.75 43.9386 153.749 1027.81 44.1293 153.778 1027.86 
44.316 153.81 1027.93 44.4965 153.846 1028.01 44.6725 153.884 1028.1 
44.8461 153.919 1028.19 45.0203 153.951 1028.28 45.1984 153.978 1028.37 
45.3829 153.999 1028.45 45.5666 154.017 1028.53 45.7368 154.037 1028.63 
45.8919 154.062 1028.76 46.0476 154.092 1028.88 46.2161 154.127 1028.97 
46.3917 154.162 1029.07 46.5661 154.193 1029.19 46.7364 154.218 1029.35 
46.9017 154.238 1029.54 47.0605 154.254 1029.74 47.2119 154.267 1029.96 
47.3544 154.275 1030.18 47.4871 154.281 1030.41 47.6086 154.285 1030.63 
47.7178 154.286 1030.85 47.8135 154.286 1031.04 47.8944 154.285 1031.22 
47.9595 154.284 1031.36 48.0074 154.282 1031.47 48.0371 154.281 1031.54 
48.0472 154.28 1031.57