5.26686 160.646 1013.69 5.2654 160.641 1013.69 5.26104 160.627 1013.68 
5.25378 160.604 1013.68 5.24365 160.573 1013.67 5.23067 160.532 1013.65 
5.21484 160.483 1013.64 5.19618 160.426 1013.62 5.17472 160.361 1013.59 
5.15046 160.288 1013.57 5.12343 160.207 1013.54 5.09364 160.119 1013.51 
5.0611 160.023 1013.48 5.02583 159.921 1013.45 4.98785 159.811 1013.41 
4.94717 159.695 1013.37 4.90382 159.572 1013.33 4.85779 159.443 1013.29 
4.80913 159.307 1013.25 4.75783 159.166 1013.2 4.70391 159.019 1013.15 
4.6474 158.866 1013.1 4.5883 158.708 1013.05 4.52663 158.545 1013 
4.46242 158.377 1012.95 4.39567 158.204 1012.89 4.3264 158.027 1012.83 
4.25463 157.845 1012.78 4.18037 157.658 1012.72 4.10364 157.468 1012.66 
4.02446 157.274 1012.6 3.94284 157.076 1012.54 3.8588 156.875 1012.47 
3.77235 156.671 1012.41 3.68352 156.463 1012.35 3.59231 156.253 1012.28 
3.49874 156.04 1012.22 3.40284 155.825 1012.16 3.30461 155.607 1012.09 
3.20407 155.387 1012.02 3.10123 155.165 1011.96 2.99613 154.942 1011.89 
2.88876 154.717 1011.83 2.77915 154.49 1011.76 2.66731 154.263 1011.7 
2.55325 154.034 1011.63 2.43701 153.805 1011.57 2.31858 153.575 1011.5 
2.19799 153.345 1011.44 2.07526 153.115 1011.38 1.95039 152.885 1011.31 
1.82341 152.655 1011.25 1.69433 152.425 1011.19 1.56317 152.196 1011.13 
1.42994 151.968 1011.07 1.29466 151.74 1011.01 1.15735 151.514 1010.96 
1.01802 151.29 1010.9 0.876687 151.066 1010.85 0.733371 150.845 1010.79 
0.588085 150.625 1010.74 0.440846 150.408 1010.69 0.29167 150.193 1010.64 
0.140574 149.98 1010.59 -0.0124272 149.771 1010.55 -0.167317 149.564 1010.51 
-0.324078 149.36 1010.46 -0.482696 149.16 1010.42 -0.643154 148.963 1010.39 
-0.805436 148.769 1010.35 -0.969525 148.58 1010.32 -1.13541 148.394 1010.29 
-1.30306 148.213 1010.26 -1.47248 148.037 1010.23 -1.64363 147.865 1010.21 
-1.81652 147.697 1010.19 -1.99112 147.535 1010.17 -2.16741 147.378 1010.16 
-2.34537 147.227 1010.14 -2.52501 147.081 1010.13 -2.70628 146.941 1010.13 
-2.88919 146.806 1010.12 -3.07371 146.678 1010.12 -3.25983 146.557 1010.13 
-3.44753 146.442 1010.13 -3.63679 146.333 1010.14 -3.82761 146.232 1010.15 
-4.01995 146.138 1010.17 -4.21382 146.051 1010.19 -4.40918 145.972 1010.22 
-4.60603 145.9 1010.24 -4.80435 145.837 1010.27 -5.00401 145.781 1010.31 
-5.20461 145.732 1010.35 -5.40571 145.69 1010.38 -5.60688 145.654 1010.41 
-5.80767 145.622 1010.44 -6.00764 145.595 1010.46 -6.20635 145.572 1010.46 
-6.40337 145.551 1010.46 -6.59825 145.533 1010.44 -6.79055 145.516 1010.4 
-6.97985 145.499 1010.34 -7.17141 145.478 1010.28 -7.36471 145.453 1010.23 
-7.55776 145.426 1010.19 -7.75066 145.399 1010.13 -7.94351 145.372 1010.08 
-8.13638 145.346 1010.03 -8.32939 145.32 1009.98 -8.52263 145.296 1009.93 
-8.71618 145.275 1009.88 -8.91015 145.255 1009.84 -9.10463 145.24 1009.79 
-9.29972 145.228 1009.75 -9.4955 145.22 1009.71 -9.69208 145.217 1009.67 
-9.88954 145.22 1009.64 -10.0877 145.231 1009.61 -10.2865 145.248 1009.58 
-10.4857 145.27 1009.56 -10.6852 145.295 1009.54 -10.8851 145.321 1009.53 
-11.0852 145.346 1009.52 -11.2853 145.368 1009.51 -11.4855 145.385 1009.51 
-11.6856 145.395 1009.52 -11.8855 145.397 1009.52 -12.0851 145.387 1009.53 
-12.285 145.379 1009.54 -12.4855 145.385 1009.53 -12.686 145.403 1009.51 
-12.8864 145.43 1009.49 -13.086 145.464 1009.46 -13.2846 145.503 1009.45 
-13.4816 145.545 1009.44 -13.6767 145.587 1009.45 -13.8696 145.626 1009.49 
-14.0619 145.663 1009.53 -14.256 145.697 1009.57 -14.4501 145.733 1009.61 
-14.6425 145.773 1009.65 -14.8312 145.82 1009.7 -15.0141 145.878 1009.76 
-15.19 145.953 1009.82 -15.3683 146.027 1009.87 -15.5486 146.103 1009.91 
-15.731 146.178 1009.95 -15.9145 146.253 1009.98 -16.0973 146.327 1010.01 
-16.2782 146.401 1010.06 -16.458 146.475 1010.11 -16.6371 146.552 1010.15 
-16.8153 146.632 1010.2 -16.9925 146.714 1010.25 -17.1684 146.799 1010.29 
-17.3427 146.887 1010.34 -17.5154 146.979 1010.38 -17.6866 147.073 1010.42 
-17.8565 147.17 1010.47 -18.025 147.268 1010.52 -18.1924 147.369 1010.56 
-18.3588 147.47 1010.61 -18.5243 147.573 1010.66 -18.6906 147.675 1010.7 
-18.8608 147.775 1010.74 -19.0328 147.874 1010.77 -19.2015 147.974 1010.82 
-19.3621 148.077 1010.87 -19.5198 148.184 1010.94 -19.6771 148.294 1010.99 
-19.8276 148.412 1011.06 -19.969 148.54 1011.11 -20.0978 148.681 1011.17 
-20.2175 148.83 1011.23 -20.331 148.986 1011.29 -20.4418 149.145 1011.35 
-20.553 149.304 1011.41 -20.6677 149.462 1011.46 -20.7893 149.616 1011.5 
-20.921 149.762 1011.54 -21.0551 149.907 1011.57 -21.1862 150.053 1011.61 
-21.316 150.199 1011.66 -21.4442 150.346 1011.7 -21.5709 150.492 1011.76 
-21.6962 150.639 1011.81 -21.8199 150.786 1011.87 -21.9422 150.934 1011.92 
-22.063 151.083 1011.98 -22.1823 151.233 1012.05 -22.3 151.383 1012.11 
-22.4163 151.535 1012.17 -22.5311 151.689 1012.23 -22.6444 151.843 1012.29 
-22.7564 151.999 1012.35 -22.8679 152.155 1012.41 -22.9794 152.311 1012.47 
-23.0916 152.466 1012.53 -23.2051 152.618 1012.6 -23.3206 152.768 1012.66 
-23.4388 152.915 1012.73 -23.5602 153.057 1012.8 -23.6845 153.195 1012.87 
-23.811 153.33 1012.95 -23.9387 153.463 1013.03 -24.067 153.594 1013.11 
-24.1949 153.725 1013.19 -24.3216 153.857 1013.28 -24.4463 153.99 1013.36 
-24.5684 154.125 1013.44 -24.6881 154.262 1013.53 -24.8063 154.401 1013.61 
-24.9238 154.54 1013.69 -25.0415 154.679 1013.77 -25.1601 154.818 1013.86 
-25.2806 154.955 1013.94 -25.4035 155.09 1014.03 -25.5286 155.224 1014.12 
-25.6549 155.356 1014.21 -25.7813 155.486 1014.3 -25.9071 155.615 1014.39 
-26.0312 155.744 1014.49 -26.1526 155.872 1014.59 -26.2705 156.001 1014.69 
-26.3838 156.129 1014.8 -26.4917 156.258 1014.91 -26.5932 156.388 1015.02 
-26.6872 156.519 1015.14 -26.773 156.651 1015.26 -26.8495 156.785 1015.39 
-26.916 156.921 1015.52 -26.9835 157.051 1015.66 -27.0585 157.171 1015.8 
-27.1393 157.283 1015.94 -27.2244 157.388 1016.09 -27.3128 157.489 1016.24 
-27.4038 157.585 1016.39 -27.4965 157.677 1016.54 -27.59 157.767 1016.7 
-27.6836 157.856 1016.85 -27.7763 157.944 1017 -27.8674 158.033 1017.16 
-27.9561 158.124 1017.32 -28.0451 158.214 1017.47 -28.1521 158.287 1017.62 
-28.2561 158.349 1017.78 -28.3297 158.415 1017.96 -28.3865 158.483 1018.14 
-28.4436 158.552 1018.32 -28.5182 158.618 1018.49 -28.6167 158.681 1018.66 
-28.7292 158.741 1018.81 -28.844 158.802 1018.97 -28.9492 158.866 1019.13 
-29.0333 158.934 1019.29 -29.0934 159.007 1019.47 -29.1469 159.082 1019.65 
-29.2133 159.153 1019.82 -29.2896 159.22 1020 -29.3629 159.284 1020.17 
-29.4291 159.347 1020.35 -29.4852 159.408 1020.53 -29.533 159.468 1020.72 
-29.5751 159.528 1020.9 -29.6142 159.59 1021.09 -29.6527 159.654 1021.28 
-29.6861 159.723 1021.46 -29.7117 159.796 1021.65 -29.7347 159.874 1021.83 
-29.7602 159.954 1022.02 -29.7936 160.036 1022.19 -29.8399 160.118 1022.37 
-29.9036 160.2 1022.54 -29.9777 160.279 1022.71 -30.0473 160.356 1022.88 
-30.1015 160.428 1023.06 -30.1424 160.499 1023.24 -30.1745 160.57 1023.43 
-30.2022 160.643 1023.61 -30.2301 160.72 1023.8 -30.261 160.802 1023.98 
-30.2944 160.886 1024.16 -30.3296 160.971 1024.34 -30.3657 161.053 1024.51 
-30.402 161.13 1024.7 -30.438 161.2 1024.88 -30.4735 161.267 1025.07 
-30.5087 161.334 1025.25 -30.5434 161.401 1025.44 -30.5773 161.473 1025.62 
-30.6084 161.55 1025.8 -30.6393 161.627 1025.99 -30.673 161.703 1026.17 
-30.7074 161.777 1026.35 -30.7402 161.85 1026.53 -30.7692 161.922 1026.72 
-30.7919 161.994 1026.91 -30.806 162.067 1027.09 -30.8139 162.144 1027.28 
-30.8284 162.234 1027.46 -30.8663 162.344 1027.62 -30.8909 162.45 1027.79 
-30.8975 162.553 1027.96 -30.9028 162.662 1028.13 -30.9236 162.785 1028.29 
-30.9635 162.923 1028.43 -31.0113 163.069 1028.56 -31.0545 163.219 1028.69 
-31.0874 163.367 1028.82 -31.114 163.514 1028.95 -31.1396 163.661 1029.09 
-31.169 163.808 1029.22 -31.2073 163.956 1029.35 -31.2591 164.106 1029.47 
-31.3232 164.258 1029.58 -31.3944 164.414 1029.69 -31.4674 164.574 1029.79 
-31.5368 164.74 1029.88 -31.5974 164.912 1029.96 -31.6447 165.09 1030.04 
-31.6768 165.272 1030.12 -31.6931 165.453 1030.21 -31.7016 165.632 1030.29 
-31.7154 165.811 1030.38 -31.7475 165.99 1030.47 -31.7992 166.168 1030.55 
-31.8611 166.344 1030.62 -31.9273 166.522 1030.69 -31.9922 166.702 1030.74 
-32.0504 166.887 1030.8 -32.0979 167.076 1030.84 -32.1384 167.268 1030.88 
-32.1751 167.462 1030.92 -32.2104 167.656 1030.96 -32.2469 167.849 1031 
-32.2871 168.042 1031.04 -32.3337 168.234 1031.07 -32.3891 168.424 1031.11 
-32.4542 168.611 1031.14 -32.5033 168.8 1031.18 -32.5387 168.99 1031.24 
-32.5808 169.177 1031.29 -32.6311 169.359 1031.36 -32.6666 169.553 1031.4 
-32.7069 169.747 1031.43 -32.7604 169.938 1031.46 -32.8316 170.124 1031.48 
-32.9133 170.306 1031.49 -32.9723 170.494 1031.52 -33.0158 170.687 1031.55 
-33.0556 170.879 1031.6 -33.1034 171.069 1031.65 -33.1645 171.254 1031.71 
-33.2365 171.435 1031.76 -33.3169 171.613 1031.82 -33.4028 171.79 1031.87 
-33.4916 171.966 1031.92 -33.5807 172.142 1031.96 -33.6672 172.32 1032 
-33.7486 172.5 1032.02 -33.8221 172.685 1032.04 -33.885 172.874 1032.04 
-33.9379 173.067 1032.04 -33.9949 173.259 1032.04 -34.0628 173.446 1032.07 
-34.1319 173.632 1032.1 -34.1916 173.821 1032.13 -34.2374 174.014 1032.16 
-34.2701 174.21 1032.19 -34.2905 174.408 1032.21 -34.2996 174.606 1032.23 
-34.2987 174.806 1032.25 -34.2892 175.005 1032.26 -34.2724 175.206 1032.28 
-34.2498 175.407 1032.3 -34.2373 175.607 1032.31 -34.2727 175.802 1032.3 
-34.321 175.998 1032.27 -34.3624 176.197 1032.26 -34.4019 176.396 1032.25 
-34.4444 176.594 1032.25 -34.4948 176.788 1032.25 -34.5583 176.977 1032.25 
-34.6397 177.157 1032.26 -34.7423 177.329 1032.26 -34.8556 177.496 1032.26 
-34.9633 177.665 1032.26 -35.0495 177.844 1032.28 -35.1097 178.033 1032.31 
-35.1537 178.229 1032.33 -35.1923 178.427 1032.34 -35.2351 178.622 1032.33 
-35.2828 178.815 1032.3 -35.3316 179.009 1032.28 -35.3802 179.203 1032.28 
-35.4318 179.397 1032.29 -35.4901 179.589 1032.31 -35.5587 179.777 1032.34 
-35.6409 179.96 1032.35 -35.7161 180.144 1032.36 -35.7738 180.336 1032.36 
-35.8214 180.532 1032.35 -35.8662 180.729 1032.35 -35.9155 180.924 1032.36 
-35.9749 181.113 1032.39 -36.0312 181.304 1032.39 -36.0806 181.498 1032.36 
-36.1263 181.693 1032.32 -36.1714 181.888 1032.27 -36.219 182.082 1032.24 
-36.2725 182.273 1032.23 -36.3347 182.459 1032.25 -36.3977 182.647 1032.28 
-36.452 182.84 1032.29 -36.4985 183.035 1032.29 -36.5401 183.23 1032.27 
-36.5804 183.426 1032.25 -36.6228 183.622 1032.24 -36.671 183.816 1032.24 
-36.7287 184.007 1032.25 -36.7815 184.2 1032.27 -36.8166 184.396 1032.26 
-36.8406 184.596 1032.25 -36.862 184.796 1032.24 -36.8892 184.994 1032.25 
-36.9181 185.192 1032.26 -36.9379 185.39 1032.24 -36.9516 185.589 1032.21 
-36.9628 185.788 1032.17 -36.9751 185.987 1032.14 -36.992 186.185 1032.13 
-37.0176 186.384 1032.14 -37.0587 186.58 1032.15 -37.1154 186.773 1032.13 
-37.1781 186.965 1032.08 -37.2368 187.155 1032.01 -37.2816 187.345 1031.95 
-37.3022 187.535 1031.89 -37.2887 187.726 1031.84 -37.2423 187.919 1031.82 
-37.2321 188.119 1031.84 -37.2712 188.322 1031.89 -37.351 188.525 1031.98 
-37.4633 188.725 1032.09 -37.5995 188.918 1032.21 -37.7513 189.1 1032.34 
-37.9102 189.269 1032.48 -38.0677 189.421 1032.62 -38.2156 189.553 1032.74 
-38.3452 189.661 1032.85 -38.4482 189.743 1032.93 -38.5163 189.794 1032.99 
-38.5408 189.812 1033.01